node:internal/modules/run_main:107
    triggerUncaughtException(
    ^

AssertionError [ERR_ASSERTION]: Expected values to be strictly deep-equal:
+ actual - expected
... Skipped lines

+ Buffer(164905) [Uint8Array] [
- Buffer(164407) [Uint8Array] [
    105,
    109,
    112,
    111,
    114,
...
    59,
+   13,
    10,
    105,
    109,
    112,
    111,
...
    59,
+   13,
    10,
    105,
    109,
    112,
    111,
...
    59,
+   13,
    10,
    99,
    111,
    110,
    115,
...
    59,
+   13,
    10,
    105,
    109,
    112,
    111,
...
    59,
+   13,
    10,
    102,
    117,
    110,
    99,
...
    123,
+   13,
    10,
    32,
    99,
    111,
    110,
...
    59,
+   13,
    10,
    32,
    112,
    97,
    110,
...
    59,
+   13,
    10,
    32,
    102,
    111,
    114,
...
    125,
+   13,
    10,
    125,
+   13,
    10,
    99,
    111,
    110,
    115,
...
    59,
+   13,
    10,
    99,
    111,
    110,
    115,
...
    59,
+   13,
    10,
    108,
    101,
    116,
    32,
...
    59,
+   13,
    10,
    108,
    101,
    116,
    32,
...
    59,
+   13,
    10,
    108,
    101,
    116,
    32,
...
    59,
+   13,
    10,
    102,
    117,
    110,
    99,
...
    123,
+   13,
    10,
    32,
    99,
    111,
    110,
...
    59,
+   13,
    10,
    32,
    105,
    102,
    40,
...
    125,
+   13,
    10,
    32,
    114,
    101,
    116,
...
    59,
+   13,
    10,
    125,
+   13,
    10,
    108,
    101,
    116,
    32,
...
    59,
+   13,
    10,
    102,
    117,
    110,
    99,
...
    125,
+   13,
    10,
    102,
    117,
    110,
    99,
...
    125,
+   13,
    10,
    102,
    117,
    110,
    99,
...
    125,
+   13,
    10,
    102,
    117,
    110,
    99,
...
    123,
+   13,
    10,
    32,
    99,
    111,
    110,
...
    59,
+   13,
    10,
    32,
    99,
    111,
    110,
...
    59,
+   13,
    10,
    32,
    112,
    114,
    111,
...
    59,
+   13,
    10,
    125,
+   13,
    10,
    99,
    111,
    110,
    115,
...
    59,
+   13,
    10,
    97,
    115,
    121,
    110,
...
    123,
+   13,
    10,
    32,
    105,
    102,
    40,
...
    59,
+   13,
    10,
    32,
    99,
    111,
    110,
...
    59,
+   13,
    10,
    32,
    99,
    111,
    110,
...
    59,
+   13,
    10,
    32,
    99,
    111,
    110,
...
    59,
+   13,
    10,
    32,
    99,
    111,
    110,
...
    59,
+   13,
    10,
    32,
    99,
    111,
    110,
...
    59,
+   13,
    10,
    32,
    99,
    111,
    110,
...
    59,
+   13,
    10,
    32,
    99,
    111,
    110,
...
    123,
+   13,
    10,
    32,
    32,
    99,
    111,
...
    59,
+   13,
    10,
    32,
    32,
    114,
    101,
...
    59,
+   13,
    10,
    32,
    125,
    41,
    59,
+   13,
    10,
    32,
    99,
    111,
    110,
...
    123,
+   13,
    10,
    32,
    32,
    99,
    111,
...
    59,
+   13,
    10,
    32,
    32,
    99,
    111,
...
    59,
+   13,
    10,
    32,
    32,
    112,
    114,
...
    123,
+   13,
    10,
    32,
    32,
    32,
    99,
...
    59,
+   13,
    10,
    32,
    32,
    32,
    105,
...
    59,
+   13,
    10,
    32,
    32,
    125,
    44,
...
    59,
+   13,
    10,
    32,
    32,
    105,
    102,
...
    59,
+   13,
    10,
    32,
    125,
    41,
    59,
+   13,
    10,
    32,
    99,
    111,
    109,
...
    59,
+   13,
    10,
    32,
    112,
    97,
    110,
...
    59,
+   13,
    10,
    32,
    105,
    102,
    40,
...
    59,
+   13,
    10,
    125,
+   13,
    10,
    97,
    115,
    121,
    110,
...
    125,
+   13,
    10,
    97,
    115,
    121,
    110,
...
    123,
+   13,
    10,
    32,
    105,
    102,
    40,
...
    59,
+   13,
    10,
    32,
    105,
    102,
    40,
...
    59,
+   13,
    10,
    32,
    99,
    111,
    110,
...
    59,
+   13,
    10,
    32,
    112,
    114,
    111,
...
    59,
+   13,
    10,
    32,
    99,
    111,
    110,
...
    59,
+   13,
    10,
    32,
    105,
    102,
    40,
...
    59,
+   13,
    10,
    32,
    105,
    102,
    40,
...
    59,
+   13,
    10,
    32,
    99,
    111,
    110,
...
    123,
+   13,
    10,
    32,
    32,
    99,
    111,
...
    59,
+   13,
    10,
    32,
    32,
    109,
    101,
...
    59,
+   13,
    10,
    32,
    32,
    105,
    102,
...
    59,
+   13,
    10,
    32,
    32,
    97,
    119,
...
    59,
+   13,
    10,
    32,
    125,
    44,
    116,
...
    59,
+   13,
    10,
    32,
    99,
    111,
    110,
...
    123,
+   13,
    10,
    32,
    32,
    102,
    105,
...
    59,
+   13,
    10,
    32,
    32,
    105,
    102,
...
    125,
+   13,
    10,
    32,
    32,
    99,
    111,
...
    59,
+   13,
    10,
    32,
    32,
    115,
    117,
...
    59,
+   13,
    10,
    32,
    32,
    105,
    102,
...
    59,
+   13,
    10,
    32,
    125,
    59,
+   13,
    10,
    32,
    99,
    111,
    110,
...
    59,
+   13,
    10,
    32,
    99,
    111,
    110,
...
    59,
+   13,
    10,
    32,
    112,
    97,
    110,
...
    59,
+   13,
    10,
    32,
    108,
    101,
    116,
...
    59,
+   13,
    10,
    32,
    115,
    105,
    110,
...
    123,
+   13,
    10,
    32,
    32,
    105,
    102,
...
    59,
+   13,
    10,
    32,
    32,
    116,
    114,
...
    59,
+   13,
    10,
    32,
    32,
    32,
    105,
...
    59,
+   13,
    10,
    32,
    32,
    32,
    99,
...
    59,
+   13,
    10,
    32,
    32,
    32,
    105,
...
    125,
+   13,
    10,
    32,
    32,
    32,
    105,
...
    125,
+   13,
    10,
    32,
    32,
    32,
    105,
...
    125,
+   13,
    10,
    32,
    32,
    125,
    99,
...
    125,
+   13,
    10,
    32,
    125,
    44,
    50,
...
    59,
+   13,
    10,
+   13,
    10,
    125,
+   13,
    10,
    97,
    115,
    121,
    110,
...
    123,
+   13,
    10,
    32,
    105,
    102,
    40,
...
    59,
+   13,
    10,
    32,
    99,
    111,
    110,
...
    59,
+   13,
    10,
    32,
    99,
    111,
    110,
...
    59,
+   13,
    10,
    32,
    102,
    117,
    110,
...
    123,
+   13,
    10,
    32,
    32,
    105,
    102,
...
    59,
+   13,
    10,
    32,
    32,
    115,
    97,
...
    59,
+   13,
    10,
    32,
    125,
    41,
    41,
...
    125,
+   13,
    10,
    32,
    102,
    117,
    110,
...
    125,
+   13,
    10,
    32,
    112,
    97,
    110,
...
    59,
+   13,
    10,
    125,
+   13,
    10,
    102,
    117,
    110,
    99,
...
    125,
+   13,
    10,
    102,
    117,
    110,
    99,
...
    123,
+   13,
    10,
    32,
    105,
    102,
    40,
...
    59,
+   13,
    10,
    32,
    99,
    111,
    110,
...
    59,
+   13,
    10,
    32,
    108,
    101,
    116,
...
    125,
+   13,
    10,
    32,
    105,
    102,
    40,
...
    123,
+   13,
    10,
    32,
    32,
    112,
    97,
...
    123,
+   13,
    10,
    32,
    32,
    32,
    99,
...
    59,
+   13,
    10,
    32,
    32,
    32,
    101,
...
    59,
+   13,
    10,
    32,
    32,
    32,
    99,
...
    59,
+   13,
    10,
    32,
    32,
    32,
    99,
...
    59,
+   13,
    10,
    32,
    32,
    32,
    112,
...
    59,
+   13,
    10,
    32,
    32,
    125,
    41,
    41,
    59,
+   13,
    10,
    32,
    125,
+   13,
    10,
    32,
    105,
    102,
    40,
...
    125,
+   13,
    10,
    32,
    105,
    102,
    40,
...
    123,
+   13,
    10,
    32,
    32,
    112,
    97,
...
    123,
+   13,
    10,
    32,
    32,
    32,
    108,
...
    59,
+   13,
    10,
    32,
    32,
    32,
    112,
...
    59,
+   13,
    10,
    32,
    32,
    125,
    41,
    41,
    59,
+   13,
    10,
    32,
    125,
+   13,
    10,
    32,
    99,
    111,
    110,
...
    59,
+   13,
    10,
    32,
    105,
    102,
    40,
...
    123,
+   13,
    10,
    32,
    32,
    99,
    111,
...
    59,
+   13,
    10,
    32,
    32,
    112,
    97,
...
    59,
+   13,
    10,
    32,
    125,
+   13,
    10,
    125,
+   13,
    10,
    97,
    115,
    121,
    110,
...
    123,
+   13,
    10,
    32,
    105,
    102,
    40,
...
    59,
+   13,
    10,
    32,
    99,
    111,
    110,
...
    59,
+   13,
    10,
    32,
    99,
    111,
    110,
...
    59,
+   13,
    10,
    32,
    112,
    97,
    110,
...
    59,
+   13,
    10,
    32,
    97,
    115,
    121,
...
    59,
+   13,
    10,
    125,
+   13,
    10,
    102,
    117,
    110,
    99,
...
    125,
+   13,
    10,
    102,
    117,
    110,
    99,
...
    125,
+   13,
    10,
    97,
    115,
    121,
    110,
...
    125,
+   13,
    10,
    102,
    117,
    110,
    99,
...
    123,
+   13,
    10,
    32,
    105,
    102,
    40,
...
    59,
+   13,
    10,
    32,
    99,
    111,
    110,
...
    59,
+   13,
    10,
    32,
    99,
    111,
    110,
...
    59,
+   13,
    10,
    32,
    114,
    101,
    116,
...
    59,
+   13,
    10,
    125,
+   13,
    10,
    97,
    115,
    121,
    110,
...
    123,
+   13,
    10,
    32,
    99,
    111,
    110,
...
    59,
+   13,
    10,
    32,
    99,
    111,
    110,
...
    59,
+   13,
    10,
    32,
    112,
    97,
    110,
...
    59,
+   13,
    10,
    32,
    105,
    102,
    40,
...
    59,
+   13,
    10,
    32,
    102,
    111,
    114,
...
    59,
+   13,
    10,
    32,
    105,
    102,
    40,
...
    59,
+   13,
    10,
    32,
    105,
    102,
    40,
...
    59,
+   13,
    10,
    125,
+   13,
    10,
    108,
    101,
    116,
    32,
...
    59,
+   13,
    10,
    97,
    115,
    121,
    110,
...
    123,
+   13,
    10,
    32,
    105,
    102,
    40,
...
    59,
+   13,
    10,
    32,
    99,
    111,
    110,
...
    59,
+   13,
    10,
    32,
    99,
    111,
    110,
...
    59,
+   13,
    10,
    32,
    99,
    111,
    110,
...
    59,
+   13,
    10,
    32,
    99,
    111,
    110,
...
    59,
+   13,
    10,
    32,
    105,
    102,
    40,
...
    125,
+   13,
    10,
    32,
    109,
    101,
    115,
...
    59,
+   13,
    10,
    32,
    97,
    115,
    121,
...
    123,
+   13,
    10,
    32,
    32,
    105,
    102,
...
    123,
+   13,
    10,
    32,
    32,
    32,
    99,
...
    59,
+   13,
    10,
    32,
    32,
    32,
    99,
...
    59,
+   13,
    10,
    32,
    32,
    32,
    112,
...
    59,
+   13,
    10,
    32,
    32,
    32,
    105,
...
    59,
+   13,
    10,
    32,
    32,
    32,
    105,
...
    59,
+   13,
    10,
    32,
    32,
    32,
    112,
...
    59,
+   13,
    10,
    32,
    32,
    125,
    102,
...
    125,
+   13,
    10,
    32,
    125,
+   13,
    10,
    32,
    105,
    102,
    40,
...
    59,
+   13,
    10,
    32,
    112,
    97,
    110,
...
    59,
+   13,
    10,
    125,
+   13,
    10,
    102,
    117,
    110,
    99,
...
    125,
+   13,
    10,
    97,
    115,
    121,
    110,
...
    125,
+   13,
    10,
    102,
    117,
    110,
    99,
...
    125,
+   13,
    10,
    102,
    117,
    110,
    99,
...
    125,
+   13,
    10,
    102,
    117,
    110,
    99,
...
    125,
+   13,
    10,
    102,
    117,
    110,
    99,
...
    125,
+   13,
    10,
    105,
    109,
    112,
    111,
...
    59,
+   13,
    10,
    108,
    101,
    116,
    32,
...
    59,
+   13,
    10,
    105,
    102,
    40,
    97,
...
    59,
+   13,
    10,
    99,
    111,
    110,
    115,
...
    59,
+   13,
    10,
    108,
    101,
    116,
    32,
...
    59,
+   13,
    10,
    99,
    111,
    110,
    116,
...
    59,
+   13,
    10,
    108,
    101,
    116,
    32,
...
    59,
+   13,
    10,
    99,
    111,
    110,
    115,
...
    59,
+   13,
    10,
    99,
    111,
    110,
    115,
...
    59,
+   13,
    10,
    79,
    98,
    106,
    101,
...
    59,
+   13,
    10,
    79,
    98,
    106,
    101,
...
    59,
+   13,
    10,
    99,
    111,
    110,
    115,
...
    59,
+   13,
    10,
    99,
    111,
    110,
    115,
...
    59,
+   13,
    10,
    99,
    111,
    110,
    115,
...
    59,
+   13,
    10,
    102,
    117,
    110,
    99,
...
    125,
+   13,
    10,
+   13,
    10,
    102,
    117,
    110,
    99,
...
    125,
+   13,
    10,
    102,
    117,
    110,
    99,
...
    125,
+   13,
    10,
    97,
    115,
    121,
    110,
...
    125,
+   13,
    10,
    97,
    115,
    121,
    110,
...
    123,
+   13,
    10,
    32,
    105,
    102,
    40,
...
    59,
+   13,
    10,
    32,
    97,
    119,
    97,
...
    59,
+   13,
    10,
    32,
    99,
    111,
    110,
...
    59,
+   13,
    10,
    32,
    32,
    112,
    114,
...
    59,
+   13,
    10,
    32,
    125,
    59,
+   13,
    10,
    32,
    102,
    105,
    108,
...
    59,
+   13,
    10,
    32,
    112,
    97,
    110,
...
    59,
+   13,
    10,
    125,
+   13,
    10,
    97,
    115,
    121,
    110,
...
    123,
+   13,
    10,
    32,
    99,
    111,
    110,
...
    59,
+   13,
    10,
    32,
    112,
    97,
    110,
...
    59,
+   13,
    10,
    125,
+   13,
    10,
    97,
    115,
    121,
    110,
...
    125,
+   13,
    10,
    102,
    117,
    110,
    99,
...
    125,
+   13,
    10,
    102,
    117,
    110,
    99,
...
    125,
+   13,
    10,
    102,
    117,
    110,
    99,
...
    125,
+   13,
    10,
    102,
    117,
    110,
    99,
...
    59,
+   13,
    10,
    32,
    105,
    102,
    40,
...
    125,
+   13,
    10,
    108,
    101,
    116,
    32,
...
    59,
+   13,
    10,
    102,
    117,
    110,
    99,
...
    125,
+   13,
    10,
    102,
    117,
    110,
    99,
...
    59,
+   13,
    10,
    32,
    105,
    102,
    40,
...
    123,
+   13,
    10,
    32,
    32,
    99,
    111,
...
    59,
+   13,
    10,
    32,
    32,
    102,
    111,
...
    59,
+   13,
    10,
    32,
    32,
    102,
    111,
...
    59,
+   13,
    10,
    32,
    125,
+   13,
    10,
    32,
    105,
    102,
    40,
...
    59,
+   13,
    10,
    32,
    105,
    102,
    40,
...
    59,
+   13,
    10,
    32,
    105,
    102,
    40,
...
    125,
+   13,
    10,
    32,
    105,
    102,
    40,
...
    59,
+   13,
    10,
    32,
    105,
    102,
    40,
...
    123,
+   13,
    10,
    32,
    32,
    99,
    111,
...
    59,
+   13,
    10,
    32,
    125,
+   13,
    10,
    32,
    105,
    102,
    40,
...
    125,
+   13,
    10,
    125,
+   13,
    10,
    102,
    117,
    110,
    99,
...
    123,
+   13,
    10,
    32,
    99,
    111,
    110,
...
    125,
+   13,
    10,
+   13,
    10,
    102,
    117,
    110,
    99,
...
    123,
+   13,
    10,
    32,
    99,
    111,
    110,
...
    59,
+   13,
    10,
    32,
    99,
    97,
    114,
...
    59,
+   13,
    10,
    32,
    99,
    111,
    110,
...
    59,
+   13,
    10,
    32,
    102,
    111,
    114,
...
    125,
+   13,
    10,
    32,
    99,
    97,
    114,
...
    59,
+   13,
    10,
    32,
    99,
    97,
    114,
...
    59,
+   13,
    10,
    32,
    99,
    97,
    114,
...
    59,
+   13,
    10,
    32,
    99,
    97,
    114,
...
    59,
+   13,
    10,
    125,
+   13,
    10,
    97,
    115,
    121,
    110,
...
    123,
+   13,
    10,
    32,
    105,
    102,
    40,
...
    59,
+   13,
    10,
    32,
    105,
    100,
    115,
...
    59,
+   13,
    10,
    32,
    116,
    114,
    121,
...
    125,
+   13,
    10,
    125,
+   13,
    10,
+   13,
    10,
    102,
    117,
    110,
    99,
...
    125,
+   13,
    10,
    102,
    117,
    110,
    99,
...
    125,
+   13,
    10,
+   13,
    10,
    97,
    115,
    121,
    110,
...
    125,
+   13,
    10,
    32,
    102,
    111,
    114,
...
    125,
+   13,
    10,
    32,
    99,
    111,
    110,
...
    59,
+   13,
    10,
    32,
    97,
    115,
    121,
...
    125,
+   13,
    10,
    32,
    99,
    111,
    110,
...
    123,
+   13,
    10,
    32,
    102,
    111,
    114,
...
    125,
+   13,
    10,
    125,
+   13,
    10,
+   13,
    10,
+   13,
    10,
    102,
    117,
    110,
    99,
...
    123,
+   13,
    10,
    32,
    99,
    111,
    110,
...
    59,
+   13,
    10,
    32,
    102,
    111,
    114,
...
    59,
+   13,
    10,
    32,
    102,
    117,
    110,
...
    125,
+   13,
    10,
    32,
    102,
    117,
    110,
...
    125,
+   13,
    10,
    32,
    117,
    114,
    108,
...
    59,
+   13,
    10,
    32,
    102,
    111,
    114,
...
    59,
+   13,
    10,
    32,
    114,
    101,
    116,
...
    59,
+   13,
    10,
    125,
+   13,
    10,
    102,
    117,
    110,
    99,
...
    123,
+   13,
    10,
    32,
    99,
    111,
    110,
...
    59,
+   13,
    10,
    32,
    99,
    111,
    110,
...
    59,
+   13,
    10,
    32,
    99,
    111,
    110,
...
    59,
+   13,
    10,
    32,
    102,
    111,
    114,
...
    59,
+   13,
    10,
    32,
    99,
    111,
    110,
...
    59,
+   13,
    10,
    32,
    99,
    111,
    110,
...
    59,
+   13,
    10,
    32,
    102,
    117,
    110,
...
    125,
+   13,
    10,
    32,
    99,
    111,
    110,
...
    59,
+   13,
    10,
    32,
    102,
    117,
    110,
...
    125,
+   13,
    10,
    32,
    97,
    115,
    121,
...
    123,
+   13,
    10,
    32,
    32,
    105,
    102,
...
    125,
+   13,
    10,
    32,
    32,
    99,
    111,
...
    59,
+   13,
    10,
    32,
    32,
    105,
    102,
...
    125,
+   13,
    10,
    32,
    32,
    101,
    100,
...
    59,
+   13,
    10,
    32,
    32,
    116,
    114,
...
    125,
+   13,
    10,
    32,
    32,
    99,
    97,
...
    125,
+   13,
    10,
    32,
    32,
    102,
    105,
...
    125,
+   13,
    10,
    32,
    125,
+   13,
    10,
    32,
    102,
    111,
    114,
...
    59,
+   13,
    10,
    32,
    102,
    111,
    114,
...
    125,
+   13,
    10,
    32,
    102,
    111,
    114,
...
    59,
+   13,
    10,
    32,
    98,
    108,
    111,
...
    59,
+   13,
    10,
    32,
    102,
    117,
    110,
...
    125,
+   13,
    10,
    32,
    102,
    117,
    110,
...
    123,
+   13,
    10,
    32,
    32,
    99,
    111,
...
    59,
+   13,
    10,
    32,
    32,
    105,
    102,
...
    125,
+   13,
    10,
    32,
    32,
    105,
    102,
...
    125,
+   13,
    10,
    32,
    32,
    112,
    114,
...
    59,
+   13,
    10,
    32,
    125,
+   13,
    10,
    32,
    114,
    101,
    116,
...
    59,
+   13,
    10,
    125,
+   13,
    10,
    102,
    117,
    110,
    99,
...
    59,
+   13,
    10,
    32,
    102,
    111,
    114,
...
    125,
+   13,
    10,
+   13,
    10,
    99,
    111,
    110,
    115,
...
    59,
+   13,
    10,
    99,
    111,
    110,
    115,
...
    59,
+   13,
    10,
    102,
    117,
    110,
    99,
...
    125,
+   13,
    10,
    102,
    117,
    110,
    99,
...
    125,
+   13,
    10,
    102,
    117,
    110,
    99,
...
    125,
+   13,
    10,
    102,
    117,
    110,
    99,
...
    125,
+   13,
    10,
    102,
    117,
    110,
    99,
...
    125,
+   13,
    10,
    102,
    117,
    110,
    99,
...
    59,
+   13,
    10,
    32,
    99,
    111,
    110,
...
    123,
+   13,
    10,
    32,
    32,
    99,
    111,
...
    59,
+   13,
    10,
    32,
    32,
    114,
    101,
...
    59,
+   13,
    10,
    32,
    125,
    41,
    59,
+   13,
    10,
    32,
    114,
    101,
    116,
...
    59,
+   13,
    10,
    125,
+   13,
    10,
    97,
    115,
    121,
    110,
...
    125,
+   13,
    10,
    97,
    115,
    121,
    110,
...
    125,
+   13,
    10,
    97,
    115,
    121,
    110,
...
    125,
+   13,
    10,
    102,
    117,
    110,
    99,
...
    59,
+   13,
    10,
    32,
    99,
    111,
    110,
...
    59,
+   13,
    10,
    32,
    99,
    111,
    110,
...
    59,
+   13,
    10,
    32,
    102,
    105,
    108,
...
    40,
+   13,
    10,
    32,
    32,
    115,
    101,
...
    44,
+   13,
    10,
    32,
    32,
    115,
    101,
...
    44,
+   13,
    10,
    32,
    32,
    115,
    101,
...
    44,
+   13,
    10,
    32,
    32,
    115,
    101,
...
    44,
+   13,
    10,
    32,
    32,
    115,
    101,
...
    44,
+   13,
    10,
    32,
    32,
    115,
    101,
...
    44,
+   13,
    10,
    32,
    32,
    115,
    101,
...
    44,
+   13,
    10,
    32,
    32,
    115,
    101,
...
    44,
+   13,
    10,
    32,
    32,
    115,
    101,
...
    44,
+   13,
    10,
    32,
    32,
    115,
    101,
...
    41,
+   13,
    10,
    32,
    41,
    59,
+   13,
    10,
    32,
    99,
    111,
    110,
...
    59,
+   13,
    10,
    32,
    99,
    111,
    110,
...
    125,
+   13,
    10,
    102,
    117,
    110,
    99,
...
    125,
+   13,
    10,
    102,
    117,
    110,
    99,
...
    125,
+   13,
    10,
    102,
    117,
    110,
    99,
...
    125,
+   13,
    10,
    102,
    117,
    110,
    99,
...
    125,
+   13,
    10,
    102,
    117,
    110,
    99,
...
    125,
+   13,
    10,
    102,
    117,
    110,
    99,
...
    125,
+   13,
    10,
    97,
    115,
    121,
    110,
...
    125,
+   13,
    10,
    102,
    117,
    110,
    99,
...
    125,
+   13,
    10,
    102,
    117,
    110,
    99,
...
    123,
+   13,
    10,
    32,
    105,
    102,
    40,
...
    59,
+   13,
    10,
    32,
    112,
    97,
    110,
...
    59,
+   13,
    10,
    32,
    105,
    102,
    40,
...
    59,
+   13,
    10,
    32,
    105,
    102,
    40,
...
    59,
+   13,
    10,
    32,
    102,
    111,
    114,
...
    59,
+   13,
    10,
    32,
    97,
    112,
    112,
...
    59,
+   13,
    10,
    125,
+   13,
    10,
    102,
    117,
    110,
    99,
...
    125,
+   13,
    10,
    102,
    117,
    110,
    99,
...
    123,
+   13,
    10,
    32,
    105,
    102,
    40,
...
    59,
+   13,
    10,
    32,
    105,
    102,
    40,
...
    59,
+   13,
    10,
    32,
    99,
    111,
    110,
...
    59,
+   13,
    10,
    32,
    99,
    111,
    110,
...
    59,
+   13,
    10,
    32,
    108,
    101,
    116,
...
    59,
+   13,
    10,
    32,
    102,
    111,
    114,
...
    59,
+   13,
    10,
    32,
    99,
    111,
    110,
...
    59,
+   13,
    10,
    32,
    99,
    111,
    110,
...
    59,
+   13,
    10,
    32,
    112,
    97,
    110,
...
    123,
+   13,
    10,
    32,
    32,
    99,
    111,
...
    59,
+   13,
    10,
    32,
    32,
    116,
    114,
    121,
    123,
+   13,
    10,
    32,
    32,
    32,
    99,
...
    59,
+   13,
    10,
    32,
    32,
    32,
    99,
...
    59,
+   13,
    10,
    32,
    32,
    32,
    114,
...
    59,
+   13,
    10,
    32,
    32,
    125,
    99,
...
    125,
+   13,
    10,
    32,
    32,
    47,
    47,
...
    65,
+   13,
    10,
    32,
    32,
    47,
    47,
...
    46,
+   13,
    10,
    32,
    32,
    105,
    102,
...
    59,
+   13,
    10,
    32,
    32,
    108,
    101,
...
    125,
+   13,
    10,
    32,
    32,
    105,
    102,
...
    59,
+   13,
    10,
    32,
    125,
    44,
    116,
...
    59,
+   13,
    10,
    125,
+   13,
    10,
    102,
    117,
    110,
    99,
...
    59,
+   13,
    10,
    32,
    99,
    111,
    110,
...
    59,
+   13,
    10,
    32,
    99,
    111,
    110,
...
    59,
+   13,
    10,
    32,
    115,
    101,
    116,
...
    59,
+   13,
    10,
    32,
    102,
    111,
    114,
...
    125,
+   13,
    10,
    32,
    102,
    111,
    114,
...
    59,
+   13,
    10,
    32,
    99,
    111,
    110,
...
    125,
+   13,
    10,
+   13,
    10,
    102,
    117,
    110,
    99,
...
    125,
+   13,
    10,
    102,
    117,
    110,
    99,
...
    125,
+   13,
    10,
    102,
    117,
    110,
    99,
...
    125,
+   13,
    10,
    102,
    117,
    110,
    99,
...
    125,
+   13,
    10,
    102,
    117,
    110,
    99,
...
    125,
+   13,
    10,
    102,
    117,
    110,
    99,
...
    125,
+   13,
    10,
    102,
    117,
    110,
    99,
...
    125,
+   13,
    10,
    102,
    117,
    110,
    99,
...
    123,
+   13,
    10,
    32,
    105,
    102,
    40,
...
    59,
+   13,
    10,
    32,
    99,
    111,
    110,
...
    59,
+   13,
    10,
    32,
    99,
    111,
    110,
...
    59,
+   13,
    10,
    32,
    99,
    111,
    110,
...
    59,
+   13,
    10,
    32,
    99,
    111,
    110,
...
    59,
+   13,
    10,
    32,
    108,
    111,
    99,
...
    59,
+   13,
    10,
    32,
    102,
    105,
    108,
...
    59,
+   13,
    10,
    32,
    112,
    97,
    110,
...
    59,
+   13,
    10,
    32,
    114,
    101,
    113,
...
    59,
+   13,
    10,
    125,
+   13,
    10,
    97,
    115,
    121,
    110,
...
    123,
+   13,
    10,
    32,
    105,
    102,
    40,
...
    59,
+   13,
    10,
    32,
    99,
    111,
    110,
...
    59,
+   13,
    10,
    32,
    99,
    104,
    101,
...
    59,
+   13,
    10,
    32,
    102,
    111,
    114,
...
    125,
+   13,
    10,
    32,
    99,
    104,
    101,
...
    59,
+   13,
    10,
    125,
+   13,
    10,
    97,
    115,
    121,
    110,
...
    123,
+   13,
    10,
    32,
    105,
    102,
    40,
...
    59,
+   13,
    10,
    32,
    99,
    111,
    110,
...
    59,
+   13,
    10,
    32,
    105,
    102,
    40,
...
    125,
+   13,
    10,
    32,
    99,
    111,
    110,
...
    59,
+   13,
    10,
    32,
    99,
    111,
    110,
...
    123,
+   13,
    10,
    32,
    32,
    99,
    111,
...
    59,
+   13,
    10,
    32,
    32,
    116,
    114,
...
    125,
+   13,
    10,
    32,
    32,
    32,
    105,
...
    59,
+   13,
    10,
    32,
    32,
    32,
    99,
...
    59,
+   13,
    10,
    32,
    32,
    125,
    99,
...
    125,
+   13,
    10,
    32,
    125,
    44,
    116,
...
    59,
+   13,
    10,
    32,
    102,
    117,
    110,
...
    125,
+   13,
    10,
    32,
    112,
    97,
    110,
...
    59,
+   13,
    10,
    125,
+   13,
    10,
    97,
    115,
    121,
    110,
...
    123,
+   13,
    10,
    32,
    105,
    102,
    40,
...
    59,
+   13,
    10,
    32,
    99,
    111,
    110,
...
    59,
+   13,
    10,
    32,
    99,
    111,
    110,
...
    59,
+   13,
    10,
    32,
    99,
    104,
    101,
...
    59,
+   13,
    10,
    32,
    102,
    111,
    114,
...
    123,
+   13,
    10,
    32,
    32,
    99,
    104,
...
    59,
+   13,
    10,
    32,
    32,
    99,
    111,
...
    59,
+   13,
    10,
    32,
    32,
    97,
    119,
...
    59,
+   13,
    10,
    32,
    125,
+   13,
    10,
    32,
    99,
    104,
    101,
...
    59,
+   13,
    10,
    125,
+   13,
    10,
    102,
    117,
    110,
    99,
...
    123,
+   13,
    10,
    32,
    105,
    102,
    40,
...
    59,
+   13,
    10,
    32,
    105,
    102,
    40,
...
    59,
+   13,
    10,
    32,
    114,
    101,
    116,
...
    59,
+   13,
    10,
    125,
+   13,
    10,
    102,
    117,
    110,
    99,
...
    123,
+   13,
    10,
    32,
    99,
    111,
    110,
...
    59,
+   13,
    10,
    32,
    97,
    115,
    121,
...
    125,
+   13,
    10,
    32,
    105,
    102,
    40,
...
    59,
+   13,
    10,
    32,
    102,
    105,
    108,
...
    123,
+   13,
    10,
    32,
    32,
    99,
    111,
...
    59,
+   13,
    10,
    32,
    32,
    99,
    111,
...
    59,
+   13,
    10,
    32,
    32,
    105,
    102,
...
    59,
+   13,
    10,
    32,
    32,
    32,
    115,
...
    59,
+   13,
    10,
    32,
    125,
    99,
    97,
...
    59,
+   13,
    10,
    125,
+   13,
    10,
+   13,
    10,
    102,
    117,
    110,
    99,
...
    125,
+   13,
    10,
    97,
    115,
    121,
    110,
...
    59,
+   13,
    10,
    32,
    105,
    102,
    40,
...
    125,
+   13,
    10,
    32,
    105,
    102,
    40,
...
    59,
+   13,
    10,
    32,
    105,
    102,
    40,
...
    125,
+   13,
    10,
    32,
    97,
    112,
    112,
...
    59,
+   13,
    10,
    32,
    97,
    112,
    112,
...
    59,
+   13,
    10,
    32,
    105,
    102,
    40,
...
    125,
+   13,
    10,
    32,
    102,
    111,
    114,
...
    59,
+   13,
    10,
    32,
    105,
    102,
    40,
...
    125,
+   13,
    10,
    125,
+   13,
    10,
    97,
    115,
    121,
    110,
...
    125,
+   13,
    10,
    97,
    115,
    121,
    110,
...
    59,
+   13,
    10,
    32,
    105,
    102,
    40,
...
    59,
+   13,
    10,
    32,
    99,
    111,
    110,
...
    44,
+   13,
    10,
    32,
    98,
    117,
    116,
...
    125,
+   13,
    10,
    36,
    40,
    39,
    103,
...
    59,
+   13,
    10,
    100,
    101,
    116,
    97,
...
    59,
+   13,
    10,
    100,
    101,
    116,
    97,
...
    59,
+   13,
    10,
    119,
    105,
    110,
    100,
...
    59,
+   13,
    10,
    119,
    105,
    110,
    100,
...
    59,
+   13,
    10,
    100,
    111,
    99,
    117,
...
    59,
+   13,
    10,
    116,
    114,
    121,
    123,
...
    125,
+   13,
    10,
+   13,
    10,
    102,
    117,
    110,
    99,
...
    125,
+   13,
    10,
+   13,
    10,
+   13,
    10,
    102,
    117,
    110,
    99,
...
    125,
+   13,
    10,
    102,
    117,
    110,
    99,
...
    123,
+   13,
    10,
    32,
    105,
    102,
    40,
...
    59,
+   13,
    10,
    32,
    99,
    111,
    110,
...
    59,
+   13,
    10,
    32,
    102,
    111,
    114,
...
    59,
+   13,
    10,
    125,
+   13,
    10
  ]

    at file:///C:/Users/Administrator/Desktop/project/ExternalLink/executor/test-output/probe-original-input-controls-native-2026-10-10.mjs:3:553
    at process.processTicksAndRejections (node:internal/process/task_queues:104:5) {
  generatedMessage: true,
  code: 'ERR_ASSERTION',
  actual: Buffer(164905) [Uint8Array] [
    105, 109, 112, 111, 114, 116,  32, 123, 115, 104, 111, 119,
     83, 101, 116, 117, 112, 125,  32, 102, 114, 111, 109,  32,
     39,  46,  47, 115, 101, 116, 117, 112,  46, 106, 115,  39,
     59,  13,  10, 105, 109, 112, 111, 114, 116,  32,  39,  46,
     47, 112, 114, 111, 102, 105, 108, 101, 115,  45,  99, 111,
    114, 101,  46, 106, 115,  39,  59,  13,  10, 105, 109, 112,
    111, 114, 116,  32,  39,  46,  47, 116,  97, 114, 103, 101,
    116,  45, 102, 105, 108, 116, 101, 114, 115,  45,  99, 111,
    114, 101,  46, 106,
    ... 164805 more items
  ],
  expected: Buffer(164407) [Uint8Array] [
    105, 109, 112, 111, 114, 116,  32, 123, 115, 104, 111, 119,
     83, 101, 116, 117, 112, 125,  32, 102, 114, 111, 109,  32,
     39,  46,  47, 115, 101, 116, 117, 112,  46, 106, 115,  39,
     59,  10, 105, 109, 112, 111, 114, 116,  32,  39,  46,  47,
    112, 114, 111, 102, 105, 108, 101, 115,  45,  99, 111, 114,
    101,  46, 106, 115,  39,  59,  10, 105, 109, 112, 111, 114,
    116,  32,  39,  46,  47, 116,  97, 114, 103, 101, 116,  45,
    102, 105, 108, 116, 101, 114, 115,  45,  99, 111, 114, 101,
     46, 106, 115,  39,
    ... 164307 more items
  ],
  operator: 'deepStrictEqual',
  diff: 'simple'
}

Node.js v24.21.0
